[ 0.          0.          0.         ...,  1.06573309 -1.25691464
  0.82342666]
[ 0.          0.          0.         ...,  1.06573309 -0.25691464
  1.82342666]
[ 0.          0.          0.         ...,  0.06573309 -0.25691464
  0.82342666]
[ 0.          0.          0.         ..., -0.93426691  1.74308536
 -0.17657334]
[ 0.          0.          0.         ..., -0.93426691 -1.25691464
 -0.17657334]
[ 0.          0.          0.         ...,  0.06573309 -0.25691464
 -0.17657334]
[ 0.          0.          0.         ...,  0.06573309 -0.25691464
  0.82342666]
[ 0.          0.          0.         ..., -0.93426691 -0.25691464
 -1.17657334]
[ 0.          0.          0.         ..., -0.93426691 -0.25691464
  0.82342666]
[ 0.          0.          0.         ..., -0.93426691 -0.25691464
  0.82342666]
[ 0.          0.          0.         ...,  1.06573309  0.74308536
 -0.17657334]
[ 0.          0.          0.         ...,  0.06440592  0.74254628
 -1.17840403]
[ 0.          0.          0.         ...,  0.00110932  0.71683605
 -0.26571501]
[ 0.          0.          0.         ..., -0.0142735  -0.28941224
 -1.28693399]
[ 0.          0.          0.         ...,  0.03889745 -0.26781492
 -1.21359027]
[ 0.          0.          0.         ...,  0.01031875 -0.2794232
  2.74698842]
[ 0.          0.          0.         ..., -0.00134191 -1.28415961
 -0.26909623]
[ 0.          0.          0.         ..., -0.0170513  -0.29054055
  0.70923433]
[ 0.          0.          0.         ...,  0.93636428  1.69053749
  0.64497603]
[ 0.          0.          0.         ..., -0.02427626 -0.29347523
 -0.30073175]
[ 0.          0.          0.         ...,  1.05713908 -0.26040542
 -0.18842788]
[ 0.          0.          0.         ...,  1.02702599 -0.27263694
  0.7700343 ]
[ 0.          0.          0.         ..., -1.05469617  0.69416861
 -0.34269281]
[ 0.          0.          0.         ...,  0.97160883 -0.29514665
 -1.30640784]
[ 0.          0.          0.         ..., -0.00960543  0.71248386
 -0.28049488]
[ 0.          0.          0.         ...,  1.01081919 -1.27921993
  0.74767872]
[ 0.          0.          0.         ..., -0.94038712 -0.25940059
 -0.18501552]
[ 0.          0.          0.         ...,  1.02146263 -0.27489671
  0.76236023]
[ 0.          0.          0.         ..., -0.05968542 -0.30785795
 -0.34957495]
[ 0.          0.          0.         ...,  0.96917     0.70386273
 -0.30977194]
[ 0.          0.          0.         ..., -0.01238405 -0.28864477
 -1.28432769]
[ 0.          0.          0.         ..., -0.05184281 -0.30467239
 -0.3387569 ]
[ 0.          0.          0.         ..., -1.0177978  -0.29084377
 -0.2917954 ]
[ 0.          0.          0.         ...,  0.99726095  0.7152729
 -0.27102343]
[ 0.          0.          0.         ..., -0.98585223 -0.2778679
 -0.24772984]
[ 0.          0.          0.         ...,  0.06476252 -0.25730888
  0.82208785]
[ 0.          0.          0.         ..., -0.91224964 -0.24797152
 -0.14620283]
[ 0.          0.          0.         ...,  1.08503482 -0.24907454
  0.85005136]
[ 0.          0.          0.         ...,  0.07470543  0.7467298
 -0.16419694]
[ 0.          0.          0.         ...,  0.00524216  1.71851475
 -0.2600142 ]
[ 0.          0.          0.         ...,  0.98575654  0.71059996
 -0.28689256]
[ 0.          0.          0.         ...,  0.97465125 -0.29391086
  0.69778886]
[ 0.          0.          0.         ..., -1.0664954   0.68937592
  1.64103139]
[ 0.          0.          0.         ..., -1.02683    -1.29451252
 -0.30425436]
[ 0.          0.          0.         ..., -1.00601681  0.71394151
 -1.27554476]
[ 0.          0.          0.         ..., -0.98711955 -0.27838267
 -0.24947798]
[ 0.          0.          0.         ..., -0.93957199  0.74093051
 -1.18389113]
[ 0.          0.          0.         ...,  1.02170954  0.72520358
  1.76270082]
[ 0.          0.          0.         ..., -1.05961591 -0.30782972
  0.65052093]
[ 0.          0.          0.         ..., -0.03080962 -1.29612899
  0.69025617]
[ 0.          0.          0.         ..., -0.0101809  -1.28774988
 -0.28128868]
[ 0.          0.          0.         ...,  0.0105519  -0.2793285
 -0.25268998]
[ 0.          0.          0.         ..., -0.94042414 -0.25941563
 -0.18506659]
[ 0.          0.          0.         ...,  1.02276942 -0.27436591
 -1.23583719]
[ 0.          0.          0.         ...,  0.00493835  0.71839135
 -0.26043328]
[ 0.          0.          0.         ..., -0.94949624 -0.26310059
  1.8024194 ]
[ 0.          0.          0.         ..., -0.92092465 -0.2514952  -1.1581691 ]
[ 0.          0.          0.         ..., -0.91865095  0.74942835
 -0.15503277]
[ 0.          0.          0.         ...,  0.07478566 -0.25323761
 -0.16408628]
[ 0.          0.          0.         ..., -0.93049126  0.74461898
 -0.17136523]
[ 0.          0.          0.         ...,  0.06700041 -0.25639988
  0.82517479]
[ 0.          0.          0.         ...,  1.06609027 -1.25676956
  0.82391935]
[ 0.          0.          0.         ...,  1.06582298 -0.25687813
  1.82355065]
[ 0.          0.          0.         ...,  0.06575347 -1.25690637
  1.82345477]
[ 0.          0.          0.         ...,  1.06573309  0.74308536
 -0.17657334]
[ 0.          0.          0.         ...,  0.06573309 -0.25691464
 -1.17657334]
[ 0.          0.          0.         ...,  0.06573309  0.74308536
 -1.17657334]
[ 0.          0.          0.         ...,  2.06573309 -1.25691464
 -1.17657334]
[ 0.          0.          0.         ...,  1.06573309 -0.25691464
 -0.17657334]
[ 0.          0.          0.         ...,  0.06573309  0.74308536
 -0.17657334]
[ 0.          0.          0.         ...,  0.06573309 -0.25691464
 -0.17657334]
[ 0.          0.          0.         ...,  0.06573309 -1.25691464
 -0.17657334]
[ 0.          0.          0.         ..., -0.93426691 -1.25691464
 -1.17657334]
[ 0.          0.          0.         ...,  0.06573309  0.74308536
 -0.17657334]
[ 0.          0.          0.         ...,  0.06573309 -0.25691464
 -1.17657334]
[ 0.          0.          0.         ...,  0.06573309  0.74308536
  0.82342666]
[ 0.          0.          0.         ..., -0.93426691  0.74308536
  0.82342666]
[ 0.          0.          0.         ...,  0.06573309  1.74308536
 -0.17657334]
[ 0.          0.          0.         ...,  1.06573309 -0.25691464
  0.82342666]
[ 0.          0.          0.         ...,  0.06573309 -0.25691464
 -0.17657334]
[ 0.          0.          0.         ...,  0.06573309  0.74308536
  0.82342666]
[ 0.          0.          0.         ...,  0.06573309  0.74308536
 -0.17657334]
[ 0.          0.          0.         ...,  0.06573309 -1.25691464
 -0.17657334]
[ 0.          0.          0.         ...,  0.06573309  0.74308536
 -0.17657334]
[ 0.          0.          0.         ...,  0.06573309  0.74308536
 -0.17657334]
[ 0.          0.          0.         ...,  0.06573309  1.74308536
 -0.17657334]
[ 0.          0.          0.         ...,  0.06573309 -0.25691464
 -0.17657334]
[ 0.          0.          0.         ..., -0.93426691 -0.25691464
 -1.17657334]
[ 0.          0.          0.         ...,  0.06573309  0.74308536
  0.82342666]
[ 0.          0.          0.         ...,  0.06573309 -0.25691464
 -0.17657334]
[ 0.          0.          0.         ...,  0.06573309 -1.25691464
 -0.17657334]
[ 0.          0.          0.         ..., -0.93426691 -1.25691464
 -0.17657334]
[ 0.          0.          0.         ...,  0.06573309 -0.25691464
 -0.17657334]
[ 0.          0.          0.         ...,  1.06573309 -0.25691464
 -1.17657334]
[ 0.          0.          0.         ...,  0.06573309  0.74308536
  0.82342666]
[ 0.          0.          0.         ..., -0.93426691 -0.25691464
 -1.17657334]
[ 0.          0.          0.         ..., -0.93426691  0.74308536
 -0.17657334]
[ 0.          0.          0.         ...,  0.06573309 -0.25691464
 -1.17657334]
[ 0.          0.          0.         ..., -0.93426691 -1.25691464
 -1.17657334]
[ 0.          0.          0.         ...,  0.06573309  0.74308536
 -0.17657334]
[ 0.          0.          0.         ...,  0.06573309 -1.25691464
  0.82342666]
[ 0.          0.          0.         ...,  0.06573309  0.74308536
  0.82342666]
[ 0.          0.          0.         ...,  1.06573309 -1.25691464
 -0.17657334]
[ 0.          0.          0.         ...,  0.06573309  0.74308536
 -0.17657334]
[ 0.          0.          0.         ..., -0.93426691 -0.25691464
  0.82342666]
[ 0.          0.          0.         ..., -0.93426691  1.74308536
 -0.17657334]
[ 0.          0.          0.         ...,  0.06573309 -0.25691464
  0.82342666]
[ 0.          0.          0.         ...,  0.06573309  0.74308536
 -0.17657334]
[ 0.          0.          0.         ...,  1.06573309 -1.25691464
  0.82342666]
[ 0.          0.          0.         ...,  0.06573309 -0.25691464
  0.82342666]
[ 0.          0.          0.         ...,  0.06573309 -0.25691464
 -1.17657334]
[ 0.          0.          0.         ...,  0.06573309 -0.25691464
 -0.17657334]
[ 0.          0.          0.         ...,  0.06573309 -0.25691464
 -0.17657334]
[ 0.          0.          0.         ...,  0.06573309  1.74308536
 -0.17657334]
[ 0.          0.          0.         ...,  0.06573309  0.74308536
 -1.17657334]
[ 0.          0.          0.         ..., -0.93426691  0.74308536
 -0.17657334]
[ 0.          0.          0.         ...,  1.06573309 -0.25691464
 -0.17657334]
[ 0.          0.          0.         ..., -0.93426691 -0.25691464
  0.82342666]
[ 0.          0.          0.         ...,  0.06573309 -0.25691464
  0.82342666]
[ 0.          0.          0.         ..., -0.93426691 -0.25691464
 -1.17657334]
[ 0.          0.          0.         ...,  1.06573309  0.74308536
 -0.17657334]
[ 0.          0.          0.         ..., -0.93426691  0.74308536
  0.82342666]
[ 0.          0.          0.         ..., -0.93426691  1.74308536
 -0.17657334]
[ 0.          0.          0.         ..., -0.93426691 -0.25691464
  0.82342666]
[ 0.          0.          0.         ...,  0.06573309 -1.25691464
 -0.17657334]
[ 0.          0.          0.         ...,  1.06573309 -1.25691464
 -0.17657334]
[ 0.          0.          0.         ...,  0.06573309  0.74308536
  0.82342666]
[ 0.          0.          0.         ...,  0.06573309 -0.25691464
 -1.17657334]
[ 0.          0.          0.         ...,  1.06573309  1.74308536
  0.82342666]
[ 0.          0.          0.         ..., -0.93426691 -0.25691464
 -0.17657334]
[ 0.          0.          0.         ...,  0.06573309 -0.25691464
  0.82342666]
[ 0.          0.          0.         ...,  1.06573309 -0.25691464
 -0.17657334]
