[ 0.          0.          0.         ...,  1.06270019 -1.25289797
  0.80482634]
[ 0.          0.          0.         ...,  1.06270019 -0.25289797
  1.80482634]
[ 0.          0.          0.         ...,  0.06270019 -0.25289797
  0.80482634]
[ 0.          0.          0.         ..., -0.93729981  1.74710203
 -0.19517366]
[ 0.          0.          0.         ..., -0.93729981 -1.25289797
 -0.19517366]
[ 0.          0.          0.         ...,  0.06270019 -0.25289797
 -0.19517366]
[ 0.          0.          0.         ...,  0.06270019 -0.25289797
  0.80482634]
[ 0.          0.          0.         ..., -0.93729981 -0.25289797
 -1.19517366]
[ 0.          0.          0.         ..., -0.93729981 -0.25289797
  0.80482634]
[ 0.          0.          0.         ..., -0.93729981 -0.25289797
  0.80482634]
[ 0.          0.          0.         ...,  1.06270019  0.74710203
 -0.19517366]
[ 0.          0.          0.         ...,  0.06174927  0.74741887
 -1.19703837]
[ 0.          0.          0.         ...,  0.01639711  0.76252979
 -0.2859717 ]
[ 0.          0.          0.         ...,  0.00537528 -0.23379784
 -1.30758496]
[ 0.          0.          0.         ...,  0.04347239 -0.24649144
 -1.23287841]
[ 0.          0.          0.         ...,  0.02299568 -0.23966879
  2.72696778]
[ 0.          0.          0.         ...,  0.01464079 -1.23688502
 -0.28941575]
[ 0.          0.          0.         ...,  0.00338498 -0.23313469
  0.68851216]
[ 0.          0.          0.         ...,  0.97000713  1.7779865
  0.62305986]
[ 0.          0.          0.         ..., -0.00179173 -0.23140986
 -0.3216391 ]
[ 0.          0.          0.         ...,  1.05654256 -0.2508463
 -0.20724847]
[ 0.          0.          0.         ...,  1.03496646 -0.24365735
  0.75044188]
[ 0.          0.          0.         ..., -1.02358767  0.77585235
 -0.36437985]
[ 0.          0.          0.         ...,  0.99525993 -0.2304275
 -1.32742065]
[ 0.          0.          0.         ...,  0.00871996  0.76508775
 -0.3010262 ]
[ 0.          0.          0.         ...,  1.02335425 -1.23978826
  0.72767091]
[ 0.          0.          0.         ..., -0.94168495 -0.25143688
 -0.20377271]
[ 0.          0.          0.         ...,  1.0309803  -0.24232919
  0.74262521]
[ 0.          0.          0.         ..., -0.02716248 -0.22295656
 -0.37138987]
[ 0.          0.          0.         ...,  0.9935125   0.77015473
 -0.33084726]
[ 0.          0.          0.         ...,  0.00672907 -0.23424891
 -1.30493023]
[ 0.          0.          0.         ..., -0.02154323 -0.22482884
 -0.36037081]
[ 0.          0.          0.         ..., -0.9971499  -0.23295647
 -0.3125367 ]
[ 0.          0.          0.         ...,  1.01363974  0.76344852
 -0.29137876]
[ 0.          0.          0.         ..., -0.97426081 -0.2405829
 -0.26765235]
[ 0.          0.          0.         ...,  0.06200477 -0.25266626
  0.80346266]
[ 0.          0.          0.         ..., -0.92152438 -0.25815419
 -0.16423883]
[ 0.          0.          0.         ...,  0.99743983 -0.23115382
  0.67685403]
[ 0.          0.          0.         ..., -1.03204185  0.7786692
  1.61904193]
[ 0.          0.          0.         ..., -1.00362149 -1.2308002
 -0.32522716]
[ 0.          0.          0.         ..., -0.98870879  0.76423103
 -1.2959841 ]
[ 0.          0.          0.         ..., -0.97516885 -0.24028035
 -0.26943296]
[ 0.          0.          0.         ..., -0.94110091  0.74836852
 -1.20262743]
[ 0.          0.          0.         ...,  1.03115721  0.75761186
  1.74297213]
[ 0.          0.          0.         ..., -1.02711267 -0.22297315
  0.6287078 ]
[ 0.          0.          0.         ..., -0.00647289 -1.22985014
  0.66918137]
[ 0.          0.          0.         ...,  0.00830763 -1.23477487
 -0.30183475]
[ 0.          0.          0.         ...,  0.02316273 -0.23972445
 -0.27270465]
[ 0.          0.          0.         ..., -0.94171148 -0.25142804
 -0.20382473]
[ 0.          0.          0.         ...,  1.03191662 -0.24264117
 -1.25553871]
[ 0.          0.          0.         ...,  0.01914061  0.76161568
 -0.28059183]
[ 0.          0.          0.         ..., -0.94821166 -0.24926224
  1.78342874]
[ 0.          0.          0.         ..., -0.92774005 -0.25608319
 -1.17642744]
[ 0.          0.          0.         ..., -0.92611093  0.743374   -0.17323283]
[ 0.          0.          0.         ...,  0.06918638 -0.2550591
 -0.18245457]
[ 0.          0.          0.         ..., -0.93459455  0.74620066
 -0.18986877]
[ 0.          0.          0.         ...,  0.06360823 -0.25320052
  0.80660696]
[ 0.          0.          0.         ...,  1.06295611 -1.25298324
  0.80532819]
[ 0.          0.          0.         ...,  1.06276459 -0.25291943
  1.80495263]
[ 0.          0.          0.         ...,  0.06271479 -1.25290283
  1.80485497]
[ 0.          0.          0.         ...,  1.06270019  0.74710203
 -0.19517366]
[ 0.          0.          0.         ...,  0.06270019 -0.25289797
 -1.19517366]
[ 0.          0.          0.         ...,  0.06270019  0.74710203
 -1.19517366]
[ 0.          0.          0.         ...,  2.06270019 -1.25289797
 -1.19517366]
[ 0.          0.          0.         ...,  1.06270019 -0.25289797
 -0.19517366]
[ 0.          0.          0.         ...,  0.06270019  0.74710203
 -0.19517366]
[ 0.          0.          0.         ...,  0.06270019 -0.25289797
 -0.19517366]
[ 0.          0.          0.         ...,  0.06270019 -1.25289797
 -0.19517366]
[ 0.          0.          0.         ..., -0.93729981 -1.25289797
 -1.19517366]
[ 0.          0.          0.         ...,  0.06270019  0.74710203
 -0.19517366]
[ 0.          0.          0.         ...,  0.06270019 -0.25289797
 -1.19517366]
[ 0.          0.          0.         ...,  0.06270019  0.74710203
  0.80482634]
[ 0.          0.          0.         ..., -0.93729981  0.74710203
  0.80482634]
[ 0.          0.          0.         ...,  0.06270019  1.74710203
 -0.19517366]
[ 0.          0.          0.         ...,  1.06270019 -0.25289797
  0.80482634]
[ 0.          0.          0.         ...,  0.06270019 -0.25289797
 -0.19517366]
[ 0.          0.          0.         ...,  0.06270019  0.74710203
  0.80482634]
[ 0.          0.          0.         ...,  0.06270019  0.74710203
 -0.19517366]
[ 0.          0.          0.         ...,  0.06270019 -1.25289797
 -0.19517366]
[ 0.          0.          0.         ...,  0.06270019  0.74710203
 -0.19517366]
[ 0.          0.          0.         ...,  0.06270019  0.74710203
 -0.19517366]
[ 0.          0.          0.         ...,  0.06270019  1.74710203
 -0.19517366]
[ 0.          0.          0.         ...,  0.06270019 -0.25289797
 -0.19517366]
[ 0.          0.          0.         ..., -0.93729981 -0.25289797
 -1.19517366]
[ 0.          0.          0.         ...,  0.06270019  0.74710203
  0.80482634]
[ 0.          0.          0.         ...,  0.06270019 -0.25289797
 -0.19517366]
[ 0.          0.          0.         ...,  0.06270019 -1.25289797
 -0.19517366]
[ 0.          0.          0.         ..., -0.93729981 -1.25289797
 -0.19517366]
[ 0.          0.          0.         ...,  0.06270019 -0.25289797
 -0.19517366]
[ 0.          0.          0.         ...,  1.06270019 -0.25289797
 -1.19517366]
[ 0.          0.          0.         ...,  0.06270019  0.74710203
  0.80482634]
[ 0.          0.          0.         ..., -0.93729981 -0.25289797
 -1.19517366]
[ 0.          0.          0.         ...,  0.06270019  0.74710203
 -0.19517366]
[ 0.          0.          0.         ...,  0.06270019 -1.25289797
  0.80482634]
[ 0.          0.          0.         ...,  0.06270019  0.74710203
  0.80482634]
[ 0.          0.          0.         ...,  1.06270019 -1.25289797
 -0.19517366]
[ 0.          0.          0.         ...,  0.06270019  0.74710203
 -0.19517366]
[ 0.          0.          0.         ..., -0.93729981 -0.25289797
  0.80482634]
[ 0.          0.          0.         ..., -0.93729981  1.74710203
 -0.19517366]
[ 0.          0.          0.         ...,  0.06270019 -0.25289797
  0.80482634]
[ 0.          0.          0.         ...,  0.06270019  0.74710203
 -0.19517366]
[ 0.          0.          0.         ...,  1.06270019 -1.25289797
  0.80482634]
[ 0.          0.          0.         ...,  0.06270019 -0.25289797
  0.80482634]
[ 0.          0.          0.         ...,  0.06270019 -0.25289797
 -1.19517366]
[ 0.          0.          0.         ...,  0.06270019 -0.25289797
 -0.19517366]
[ 0.          0.          0.         ...,  0.06270019 -0.25289797
 -0.19517366]
[ 0.          0.          0.         ...,  0.06270019  1.74710203
 -0.19517366]
[ 0.          0.          0.         ...,  0.06270019  0.74710203
 -1.19517366]
[ 0.          0.          0.         ..., -0.93729981  0.74710203
 -0.19517366]
[ 0.          0.          0.         ...,  1.06270019 -0.25289797
 -0.19517366]
[ 0.          0.          0.         ..., -0.93729981 -0.25289797
  0.80482634]
[ 0.          0.          0.         ...,  0.06270019 -0.25289797
  0.80482634]
[ 0.          0.          0.         ..., -0.93729981 -0.25289797
 -1.19517366]
[ 0.          0.          0.         ...,  1.06270019  0.74710203
 -0.19517366]
[ 0.          0.          0.         ..., -0.93729981  0.74710203
  0.80482634]
[ 0.          0.          0.         ..., -0.93729981  1.74710203
 -0.19517366]
[ 0.          0.          0.         ..., -0.93729981 -0.25289797
  0.80482634]
[ 0.          0.          0.         ...,  0.06270019 -1.25289797
 -0.19517366]
[ 0.          0.          0.         ...,  1.06270019 -1.25289797
 -0.19517366]
[ 0.          0.          0.         ...,  0.06270019  0.74710203
  0.80482634]
[ 0.          0.          0.         ...,  0.06270019 -0.25289797
 -1.19517366]
[ 0.          0.          0.         ...,  1.06270019  1.74710203
  0.80482634]
[ 0.          0.          0.         ..., -0.93729981 -0.25289797
 -0.19517366]
[ 0.          0.          0.         ...,  0.06270019 -0.25289797
  0.80482634]
[ 0.          0.          0.         ...,  1.06270019 -0.25289797
 -0.19517366]
